0
127
107
-28
-60
75
127
127
33
-6
122
127
127
53
4
122
127
127
23
-34
75
127
122
-43
-106
-0
106
43
-122
-128
-75
34
-23
-128
-128
-122
-4
-53
-128
-128
-122
6
-33
-128
-128
-75
60
28
-107
-128
-0
127
107
-28
-60
75
127
127
33
-6
122
127
127
53
4
122
127
127
23
-34
75
127
122
-43
-106
0
106
43
-122
-128
-75
34
-23
-128
-128
-122
-4
-53
-128
-128
-122
6
-33
-128
-128
-75
60
28
-107
-128
-0
127
107
-28
-60
75
127
127
33
-6
122
127
127
53
4
122
127
127
23
-34
75
127
122
-43
-106
0
106
43
-122
-128
-75
34
-23
-128
-128
-122
-4
-53
-128
-128
-122
6
-33
-128
-128
-75
60
28
-107
-128
0
127
107
-28
-60
75
127
127
33
-6
122
127
127
53
4
122
127
127
23
-34
75
127
122
-43
-106
0
