0
1.0764
0.83648
-0.21966
-0.4693
0.58779
1.6356
1.3583
0.25654
-0.046229
0.95106
1.9333
1.5858
0.41024
0.031231
0.95106
1.8559
1.4321
0.18273
-0.26651
0.58779
1.4328
0.95591
-0.3391
-0.82572
-1.1022e-15
0.82572
0.3391
-0.95591
-1.4328
-0.58779
0.26651
-0.18273
-1.4321
-1.8559
-0.95106
-0.031231
-0.41024
-1.5858
-1.9333
-0.95106
0.046229
-0.25654
-1.3583
-1.6356
-0.58779
0.4693
0.21966
-0.83648
-1.0764
-2.6942e-15
1.0764
0.83648
-0.21966
-0.4693
0.58779
1.6356
1.3583
0.25654
-0.046229
0.95106
1.9333
1.5858
0.41024
0.031231
0.95106
1.8559
1.4321
0.18273
-0.26651
0.58779
1.4328
0.95591
-0.3391
-0.82572
3.7989e-15
0.82572
0.3391
-0.95591
-1.4328
-0.58779
0.26651
-0.18273
-1.4321
-1.8559
-0.95106
-0.031231
-0.41024
-1.5858
-1.9333
-0.95106
0.046229
-0.25654
-1.3583
-1.6356
-0.58779
0.4693
0.21966
-0.83648
-1.0764
-5.3884e-15
1.0764
0.83648
-0.21966
-0.4693
0.58779
1.6356
1.3583
0.25654
-0.046229
0.95106
1.9333
1.5858
0.41024
0.031231
0.95106
1.8559
1.4321
0.18273
-0.26651
0.58779
1.4328
0.95591
-0.3391
-0.82572
1.5945e-15
0.82572
0.3391
-0.95591
-1.4328
-0.58779
0.26651
-0.18273
-1.4321
-1.8559
-0.95106
-0.031231
-0.41024
-1.5858
-1.9333
-0.95106
0.046229
-0.25654
-1.3583
-1.6356
-0.58779
0.4693
0.21966
-0.83648
-1.0764
6.1282e-15
1.0764
0.83648
-0.21966
-0.4693
0.58779
1.6356
1.3583
0.25654
-0.046229
0.95106
1.9333
1.5858
0.41024
0.031231
0.95106
1.8559
1.4321
0.18273
-0.26651
0.58779
1.4328
0.95591
-0.3391
-0.82572
1.3601e-14
